  -20.00 - 120.67   | ███████████████████████████████████████████████████████████████████████████ (1427814)
  120.67 - 261.33   | ██████ (120555)
  261.33 - 402.00   | ██ (51107)
  402.00 - 542.67   | █ (33374)
  542.67 - 683.33   | █ (20952)
  683.33 - 824.00   |  (18015)
  824.00 - 964.67   |  (13468)
  964.67 - 1105.33  |  (18220)
 1105.33 - 1246.00  |  (7747)
 1246.00 - 1386.67  |  (7502)
 1386.67 - 1527.33  |  (5830)
 1527.33 - 1668.00  |  (4152)
 1668.00 - 1808.67  |  (5217)
 1808.67 - 1949.33  |  (2997)
 1949.33 - 2090.00  |  (16248)
 2090.00 - 2230.67  |  (3330)
 2230.67 - 2371.33  |  (2246)
 2371.33 - 2512.00  |  (3219)
 2512.00 - 2652.67  |  (2958)
 2652.67 - 2793.33  |  (1605)
 2793.33 - 2934.00  |  (2206)
 2934.00 - 3074.67  |  (3104)
 3074.67 - 3215.33  |  (1932)
 3215.33 - 3356.00  |  (1437)
 3356.00 - 3496.67  |  (1762)
 3496.67 - 3637.33  |  (1959)
 3637.33 - 3778.00  |  (1290)
 3778.00 - 3918.67  |  (960)
 3918.67 - 4059.33  |  (3960)
 4059.33 - 4200.00  |  (1978)
